100
100
  0.00   0.00   0.00   0.00   0.00   0.00   0.00   0.00   0.00   0.00   0.00   0.00   0.00   0.00   0.00   0.00   0.00   0.00   0.00   0.00   0.00   0.00   0.00   0.00   0.00   0.00   0.00   0.00   0.00   0.00   0.00   0.00   0.00   0.00   0.00   0.00   0.00   0.00   0.00   0.00   0.00   0.00   0.00   0.00   0.00   0.00   0.00   0.00   0.00   0.00   0.00   0.00   0.00   0.00   0.00   0.00   0.00   0.00   0.00   0.00   0.00   0.00   0.00   0.00   0.00   0.00   0.00   0.00   0.00   0.00   0.00   0.00   0.00   0.00   0.00   0.00   0.00   0.00   0.00   0.00   0.00   0.00   0.00   0.00   0.00   0.00   0.00   0.00   0.00   0.00   0.00   0.00   0.00   0.00   0.00   0.00   0.00   0.00   0.00   0.00 
  0.00   0.01   0.02   0.03   0.04   0.05   0.05   0.06   0.07   0.08   0.09   0.10   0.11   0.12   0.12   0.13   0.14   0.15   0.16   0.16   0.17   0.18   0.19   0.19   0.20   0.21   0.21   0.22   0.22   0.23   0.23   0.24   0.24   0.25   0.25   0.26   0.26   0.27   0.27   0.27   0.27   0.28   0.28   0.28   0.28   0.28   0.29   0.29   0.29   0.29   0.29   0.29   0.29   0.29   0.28   0.28   0.28   0.28   0.28   0.27   0.27   0.27   0.27   0.26   0.26   0.25   0.25   0.24   0.24   0.23   0.23   0.22   0.22   0.21   0.21   0.20   0.19   0.19   0.18   0.17   0.16   0.16   0.15   0.14   0.13   0.12   0.12   0.11   0.10   0.09   0.08   0.07   0.06   0.05   0.05   0.04   0.03   0.02   0.01   0.00 
  0.00   0.02   0.04   0.06   0.07   0.09   0.11   0.13   0.15   0.16   0.18   0.20   0.22   0.23   0.25   0.27   0.28   0.30   0.31   0.33   0.34   0.36   0.37   0.39   0.40   0.41   0.42   0.44   0.45   0.46   0.47   0.48   0.49   0.50   0.51   0.52   0.52   0.53   0.54   0.54   0.55   0.55   0.56   0.56   0.57   0.57   0.57   0.57   0.57   0.58   0.58   0.57   0.57   0.57   0.57   0.57   0.56   0.56   0.55   0.55   0.54   0.54   0.53   0.52   0.52   0.51   0.50   0.49   0.48   0.47   0.46   0.45   0.44   0.42   0.41   0.40   0.39   0.37   0.36   0.34   0.33   0.31   0.30   0.28   0.27   0.25   0.23   0.22   0.20   0.18   0.16   0.15   0.13   0.11   0.09   0.07   0.06   0.04   0.02   0.00 
  0.00   0.03   0.06   0.08   0.11   0.14   0.16   0.19   0.22   0.25   0.27   0.30   0.32   0.35   0.37   0.40   0.42   0.45   0.47   0.49   0.52   0.54   0.56   0.58   0.60   0.62   0.64   0.66   0.67   0.69   0.71   0.72   0.74   0.75   0.76   0.78   0.79   0.80   0.81   0.82   0.83   0.83   0.84   0.85   0.85   0.86   0.86   0.86   0.86   0.86   0.86   0.86   0.86   0.86   0.86   0.85   0.85   0.84   0.83   0.83   0.82   0.81   0.80   0.79   0.78   0.76   0.75   0.74   0.72   0.71   0.69   0.67   0.66   0.64   0.62   0.60   0.58   0.56   0.54   0.52   0.49   0.47   0.45   0.42   0.40   0.37   0.35   0.32   0.30   0.27   0.25   0.22   0.19   0.16   0.14   0.11   0.08   0.06   0.03   0.00 
  0.00   0.04   0.07   0.11   0.15   0.18   0.22   0.26   0.29   0.33   0.36   0.40   0.43   0.47   0.50   0.53   0.56   0.60   0.63   0.66   0.69   0.72   0.75   0.77   0.80   0.83   0.85   0.88   0.90   0.92   0.94   0.96   0.98   1.00   1.02   1.04   1.05   1.07   1.08   1.09   1.10   1.11   1.12   1.13   1.14   1.14   1.15   1.15   1.15   1.15   1.15   1.15   1.15   1.15   1.14   1.14   1.13   1.12   1.11   1.10   1.09   1.08   1.07   1.05   1.04   1.02   1.00   0.98   0.96   0.94   0.92   0.90   0.88   0.85   0.83   0.80   0.77   0.75   0.72   0.69   0.66   0.63   0.60   0.56   0.53   0.50   0.47   0.43   0.40   0.36   0.33   0.29   0.26   0.22   0.18   0.15   0.11   0.07   0.04   0.00 
  0.00   0.05   0.09   0.14   0.18   0.23   0.28   0.32   0.37   0.41   0.45   0.50   0.54   0.58   0.63   0.67   0.71   0.75   0.79   0.82   0.86   0.90   0.93   0.97   1.00   1.03   1.07   1.10   1.13   1.15   1.18   1.21   1.23   1.25   1.28   1.30   1.32   1.33   1.35   1.37   1.38   1.39   1.41   1.42   1.42   1.43   1.44   1.44   1.44   1.45   1.45   1.44   1.44   1.44   1.43   1.42   1.42   1.41   1.39   1.38   1.37   1.35   1.33   1.32   1.30   1.28   1.25   1.23   1.21   1.18   1.15   1.13   1.10   1.07   1.03   1.00   0.97   0.93   0.90   0.86   0.82   0.79   0.75   0.71   0.67   0.63   0.58   0.54   0.50   0.45   0.41   0.37   0.32   0.28   0.23   0.18   0.14   0.09   0.05   0.00 
  0.00   0.06   0.11   0.17   0.22   0.28   0.33   0.39   0.44   0.49   0.55   0.60   0.65   0.70   0.75   0.80   0.85   0.90   0.95   0.99   1.04   1.08   1.12   1.17   1.21   1.25   1.28   1.32   1.35   1.39   1.42   1.45   1.48   1.51   1.54   1.56   1.58   1.61   1.63   1.64   1.66   1.68   1.69   1.70   1.71   1.72   1.73   1.73   1.74   1.74   1.74   1.74   1.73   1.73   1.72   1.71   1.70   1.69   1.68   1.66   1.64   1.63   1.61   1.58   1.56   1.54   1.51   1.48   1.45   1.42   1.39   1.35   1.32   1.28   1.25   1.21   1.17   1.12   1.08   1.04   0.99   0.95   0.90   0.85   0.80   0.75   0.70   0.65   0.60   0.55   0.49   0.44   0.39   0.33   0.28   0.22   0.17   0.11   0.06   0.00 
  0.00   0.07   0.13   0.20   0.26   0.32   0.39   0.45   0.52   0.58   0.64   0.70   0.76   0.82   0.88   0.94   1.00   1.05   1.11   1.16   1.21   1.27   1.32   1.36   1.41   1.46   1.50   1.54   1.59   1.62   1.66   1.70   1.73   1.77   1.80   1.83   1.85   1.88   1.90   1.92   1.94   1.96   1.98   1.99   2.00   2.01   2.02   2.03   2.03   2.03   2.03   2.03   2.03   2.02   2.01   2.00   1.99   1.98   1.96   1.94   1.92   1.90   1.88   1.85   1.83   1.80   1.77   1.73   1.70   1.66   1.62   1.59   1.54   1.50   1.46   1.41   1.36   1.32   1.27   1.21   1.16   1.11   1.05   1.00   0.94   0.88   0.82   0.76   0.70   0.64   0.58   0.52   0.45   0.39   0.32   0.26   0.20   0.13   0.07   0.00 
  0.00   0.07   0.15   0.22   0.30   0.37   0.45   0.52   0.59   0.66   0.73   0.81   0.87   0.94   1.01   1.08   1.14   1.21   1.27   1.33   1.39   1.45   1.51   1.56   1.62   1.67   1.72   1.77   1.82   1.86   1.91   1.95   1.99   2.03   2.06   2.10   2.13   2.16   2.18   2.21   2.23   2.25   2.27   2.29   2.30   2.31   2.32   2.33   2.33   2.33   2.33   2.33   2.33   2.32   2.31   2.30   2.29   2.27   2.25   2.23   2.21   2.18   2.16   2.13   2.10   2.06   2.03   1.99   1.95   1.91   1.86   1.82   1.77   1.72   1.67   1.62   1.56   1.51   1.45   1.39   1.33   1.27   1.21   1.14   1.08   1.01   0.94   0.87   0.81   0.73   0.66   0.59   0.52   0.45   0.37   0.30   0.22   0.15   0.07   0.00 
  0.00   0.08   0.17   0.25   0.34   0.42   0.50   0.59   0.67   0.75   0.83   0.91   0.99   1.07   1.14   1.22   1.29   1.36   1.44   1.50   1.57   1.64   1.70   1.77   1.83   1.89   1.95   2.00   2.05   2.11   2.15   2.20   2.25   2.29   2.33   2.37   2.40   2.43   2.47   2.49   2.52   2.54   2.56   2.58   2.60   2.61   2.62   2.63   2.63   2.64   2.64   2.63   2.63   2.62   2.61   2.60   2.58   2.56   2.54   2.52   2.49   2.47   2.43   2.40   2.37   2.33   2.29   2.25   2.20   2.15   2.11   2.05   2.00   1.95   1.89   1.83   1.77   1.70   1.64   1.57   1.50   1.44   1.36   1.29   1.22   1.14   1.07   0.99   0.91   0.83   0.75   0.67   0.59   0.50   0.42   0.34   0.25   0.17   0.08   0.00 
  0.00   0.09   0.19   0.28   0.38   0.47   0.56   0.65   0.75   0.84   0.93   1.02   1.10   1.19   1.27   1.36   1.44   1.52   1.60   1.68   1.76   1.83   1.90   1.97   2.04   2.11   2.17   2.23   2.29   2.35   2.40   2.46   2.51   2.55   2.60   2.64   2.68   2.72   2.75   2.78   2.81   2.84   2.86   2.88   2.90   2.91   2.92   2.93   2.94   2.94   2.94   2.94   2.93   2.92   2.91   2.90   2.88   2.86   2.84   2.81   2.78   2.75   2.72   2.68   2.64   2.60   2.55   2.51   2.46   2.40   2.35   2.29   2.23   2.17   2.11   2.04   1.97   1.90   1.83   1.76   1.68   1.60   1.52   1.44   1.36   1.27   1.19   1.10   1.02   0.93   0.84   0.75   0.65   0.56   0.47   0.38   0.28   0.19   0.09   0.00 
  0.00   0.10   0.21   0.31   0.42   0.52   0.62   0.72   0.82   0.92   1.02   1.12   1.22   1.32   1.41   1.50   1.59   1.68   1.77   1.86   1.94   2.02   2.10   2.18   2.26   2.33   2.40   2.47   2.53   2.60   2.66   2.72   2.77   2.82   2.87   2.92   2.96   3.00   3.04   3.08   3.11   3.14   3.16   3.18   3.20   3.22   3.23   3.24   3.25   3.25   3.25   3.25   3.24   3.23   3.22   3.20   3.18   3.16   3.14   3.11   3.08   3.04   3.00   2.96   2.92   2.87   2.82   2.77   2.72   2.66   2.60   2.53   2.47   2.40   2.33   2.26   2.18   2.10   2.02   1.94   1.86   1.77   1.68   1.59   1.50   1.41   1.32   1.22   1.12   1.02   0.92   0.82   0.72   0.62   0.52   0.42   0.31   0.21   0.10   0.00 
  0.00   0.11   0.23   0.34   0.46   0.57   0.68   0.79   0.90   1.01   1.12   1.23   1.34   1.44   1.55   1.65   1.75   1.85   1.94   2.04   2.13   2.22   2.31   2.39   2.47   2.55   2.63   2.71   2.78   2.85   2.92   2.98   3.04   3.10   3.15   3.20   3.25   3.29   3.34   3.37   3.41   3.44   3.47   3.49   3.51   3.53   3.54   3.55   3.56   3.57   3.57   3.56   3.55   3.54   3.53   3.51   3.49   3.47   3.44   3.41   3.37   3.34   3.29   3.25   3.20   3.15   3.10   3.04   2.98   2.92   2.85   2.78   2.71   2.63   2.55   2.47   2.39   2.31   2.22   2.13   2.04   1.94   1.85   1.75   1.65   1.55   1.44   1.34   1.23   1.12   1.01   0.90   0.79   0.68   0.57   0.46   0.34   0.23   0.11   0.00 
  0.00   0.12   0.25   0.37   0.50   0.62   0.74   0.87   0.99   1.11   1.22   1.34   1.46   1.57   1.69   1.80   1.91   2.01   2.12   2.22   2.32   2.42   2.51   2.61   2.70   2.78   2.87   2.95   3.03   3.10   3.18   3.25   3.31   3.37   3.43   3.49   3.54   3.59   3.63   3.68   3.71   3.75   3.78   3.80   3.83   3.85   3.86   3.87   3.88   3.88   3.88   3.88   3.87   3.86   3.85   3.83   3.80   3.78   3.75   3.71   3.68   3.63   3.59   3.54   3.49   3.43   3.37   3.31   3.25   3.18   3.10   3.03   2.95   2.87   2.78   2.70   2.61   2.51   2.42   2.32   2.22   2.12   2.01   1.91   1.80   1.69   1.57   1.46   1.34   1.22   1.11   0.99   0.87   0.74   0.62   0.50   0.37   0.25   0.12   0.00 
  0.00   0.14   0.27   0.40   0.54   0.67   0.81   0.94   1.07   1.20   1.33   1.45   1.58   1.70   1.83   1.95   2.06   2.18   2.29   2.41   2.51   2.62   2.72   2.82   2.92   3.02   3.11   3.20   3.28   3.36   3.44   3.52   3.59   3.66   3.72   3.78   3.84   3.89   3.94   3.98   4.02   4.06   4.09   4.12   4.15   4.17   4.18   4.20   4.21   4.21   4.21   4.21   4.20   4.18   4.17   4.15   4.12   4.09   4.06   4.02   3.98   3.94   3.89   3.84   3.78   3.72   3.66   3.59   3.52   3.44   3.36   3.28   3.20   3.11   3.02   2.92   2.82   2.72   2.62   2.51   2.41   2.29   2.18   2.06   1.95   1.83   1.70   1.58   1.45   1.33   1.20   1.07   0.94   0.81   0.67   0.54   0.40   0.27   0.14   0.00 
  0.00   0.15   0.29   0.44   0.58   0.73   0.87   1.01   1.15   1.29   1.43   1.57   1.70   1.84   1.97   2.10   2.23   2.35   2.48   2.60   2.71   2.83   2.94   3.05   3.15   3.25   3.35   3.45   3.54   3.63   3.71   3.79   3.87   3.94   4.01   4.08   4.14   4.19   4.25   4.30   4.34   4.38   4.41   4.45   4.47   4.49   4.51   4.53   4.53   4.54   4.54   4.53   4.53   4.51   4.49   4.47   4.45   4.41   4.38   4.34   4.30   4.25   4.19   4.14   4.08   4.01   3.94   3.87   3.79   3.71   3.63   3.54   3.45   3.35   3.25   3.15   3.05   2.94   2.83   2.71   2.60   2.48   2.35   2.23   2.10   1.97   1.84   1.70   1.57   1.43   1.29   1.15   1.01   0.87   0.73   0.58   0.44   0.29   0.15   0.00 
  0.00   0.16   0.31   0.47   0.62   0.78   0.93   1.09   1.24   1.39   1.54   1.69   1.83   1.98   2.12   2.26   2.39   2.53   2.66   2.79   2.91   3.04   3.16   3.27   3.39   3.50   3.60   3.71   3.80   3.90   3.99   4.08   4.16   4.24   4.31   4.38   4.45   4.51   4.56   4.61   4.66   4.70   4.74   4.78   4.80   4.83   4.85   4.86   4.87   4.88   4.88   4.87   4.86   4.85   4.83   4.80   4.78   4.74   4.70   4.66   4.61   4.56   4.51   4.45   4.38   4.31   4.24   4.16   4.08   3.99   3.90   3.80   3.71   3.60   3.50   3.39   3.27   3.16   3.04   2.91   2.79   2.66   2.53   2.39   2.26   2.12   1.98   1.83   1.69   1.54   1.39   1.24   1.09   0.93   0.78   0.62   0.47   0.31   0.16   0.00 
  0.00   0.17   0.34   0.50   0.67   0.84   1.00   1.16   1.33   1.49   1.65   1.81   1.96   2.12   2.27   2.42   2.56   2.71   2.85   2.99   3.12   3.25   3.38   3.51   3.63   3.74   3.86   3.97   4.07   4.17   4.27   4.36   4.45   4.54   4.61   4.69   4.76   4.82   4.88   4.94   4.99   5.04   5.08   5.11   5.14   5.17   5.19   5.20   5.21   5.22   5.22   5.21   5.20   5.19   5.17   5.14   5.11   5.08   5.04   4.99   4.94   4.88   4.82   4.76   4.69   4.61   4.54   4.45   4.36   4.27   4.17   4.07   3.97   3.86   3.74   3.63   3.51   3.38   3.25   3.12   2.99   2.85   2.71   2.56   2.42   2.27   2.12   1.96   1.81   1.65   1.49   1.33   1.16   1.00   0.84   0.67   0.50   0.34   0.17   0.00 
  0.00   0.18   0.36   0.54   0.71   0.89   1.07   1.24   1.42   1.59   1.76   1.93   2.09   2.26   2.42   2.58   2.74   2.89   3.04   3.19   3.33   3.47   3.61   3.74   3.87   4.00   4.12   4.23   4.35   4.45   4.56   4.66   4.75   4.84   4.92   5.00   5.08   5.15   5.21   5.27   5.33   5.37   5.42   5.46   5.49   5.52   5.54   5.55   5.56   5.57   5.57   5.56   5.55   5.54   5.52   5.49   5.46   5.42   5.37   5.33   5.27   5.21   5.15   5.08   5.00   4.92   4.84   4.75   4.66   4.56   4.45   4.35   4.23   4.12   4.00   3.87   3.74   3.61   3.47   3.33   3.19   3.04   2.89   2.74   2.58   2.42   2.26   2.09   1.93   1.76   1.59   1.42   1.24   1.07   0.89   0.71   0.54   0.36   0.18   0.00 
  0.00   0.19   0.38   0.57   0.76   0.95   1.14   1.32   1.51   1.69   1.87   2.05   2.23   2.40   2.58   2.75   2.91   3.08   3.24   3.39   3.55   3.70   3.84   3.98   4.12   4.25   4.38   4.51   4.63   4.74   4.85   4.96   5.06   5.15   5.24   5.33   5.41   5.48   5.55   5.61   5.67   5.72   5.77   5.81   5.84   5.87   5.89   5.91   5.92   5.93   5.93   5.92   5.91   5.89   5.87   5.84   5.81   5.77   5.72   5.67   5.61   5.55   5.48   5.41   5.33   5.24   5.15   5.06   4.96   4.85   4.74   4.63   4.51   4.38   4.25   4.12   3.98   3.84   3.70   3.55   3.39   3.24   3.08   2.91   2.75   2.58   2.40   2.23   2.05   1.87   1.69   1.51   1.32   1.14   0.95   0.76   0.57   0.38   0.19   0.00 
  0.00   0.20   0.40   0.61   0.81   1.01   1.21   1.41   1.60   1.80   1.99   2.18   2.37   2.55   2.74   2.92   3.09   3.27   3.44   3.60   3.77   3.93   4.08   4.23   4.38   4.52   4.65   4.79   4.91   5.04   5.15   5.26   5.37   5.47   5.57   5.66   5.74   5.82   5.89   5.96   6.02   6.07   6.12   6.17   6.20   6.23   6.26   6.28   6.29   6.29   6.29   6.29   6.28   6.26   6.23   6.20   6.17   6.12   6.07   6.02   5.96   5.89   5.82   5.74   5.66   5.57   5.47   5.37   5.26   5.15   5.04   4.91   4.79   4.65   4.52   4.38   4.23   4.08   3.93   3.77   3.60   3.44   3.27   3.09   2.92   2.74   2.55   2.37   2.18   1.99   1.80   1.60   1.41   1.21   1.01   0.81   0.61   0.40   0.20   0.00 
  0.00   0.21   0.43   0.64   0.86   1.07   1.28   1.49   1.70   1.90   2.11   2.31   2.51   2.71   2.90   3.09   3.28   3.46   3.64   3.82   3.99   4.16   4.32   4.48   4.64   4.79   4.93   5.07   5.21   5.34   5.46   5.58   5.69   5.80   5.90   5.99   6.08   6.16   6.24   6.31   6.38   6.43   6.49   6.53   6.57   6.60   6.63   6.65   6.66   6.67   6.67   6.66   6.65   6.63   6.60   6.57   6.53   6.49   6.43   6.38   6.31   6.24   6.16   6.08   5.99   5.90   5.80   5.69   5.58   5.46   5.34   5.21   5.07   4.93   4.79   4.64   4.48   4.32   4.16   3.99   3.82   3.64   3.46   3.28   3.09   2.90   2.71   2.51   2.31   2.11   1.90   1.70   1.49   1.28   1.07   0.86   0.64   0.43   0.21   0.00 
  0.00   0.23   0.45   0.68   0.91   1.13   1.35   1.58   1.80   2.02   2.23   2.45   2.66   2.86   3.07   3.27   3.47   3.66   3.86   4.04   4.22   4.40   4.57   4.74   4.91   5.06   5.22   5.37   5.51   5.64   5.77   5.90   6.02   6.13   6.24   6.34   6.43   6.52   6.60   6.68   6.74   6.81   6.86   6.91   6.95   6.98   7.01   7.03   7.04   7.05   7.05   7.04   7.03   7.01   6.98   6.95   6.91   6.86   6.81   6.74   6.68   6.60   6.52   6.43   6.34   6.24   6.13   6.02   5.90   5.77   5.64   5.51   5.37   5.22   5.06   4.91   4.74   4.57   4.40   4.22   4.04   3.86   3.66   3.47   3.27   3.07   2.86   2.66   2.45   2.23   2.02   1.80   1.58   1.35   1.13   0.91   0.68   0.45   0.23   0.00 
  0.00   0.24   0.48   0.72   0.96   1.20   1.43   1.67   1.90   2.13   2.36   2.58   2.81   3.03   3.24   3.46   3.67   3.87   4.07   4.27   4.46   4.65   4.83   5.01   5.18   5.35   5.51   5.67   5.82   5.96   6.10   6.23   6.35   6.47   6.59   6.69   6.79   6.88   6.97   7.05   7.12   7.18   7.24   7.29   7.34   7.37   7.40   7.42   7.44   7.44   7.44   7.44   7.42   7.40   7.37   7.34   7.29   7.24   7.18   7.12   7.05   6.97   6.88   6.79   6.69   6.59   6.47   6.35   6.23   6.10   5.96   5.82   5.67   5.51   5.35   5.18   5.01   4.83   4.65   4.46   4.27   4.07   3.87   3.67   3.46   3.24   3.03   2.81   2.58   2.36   2.13   1.90   1.67   1.43   1.20   0.96   0.72   0.48   0.24   0.00 
  0.00   0.25   0.51   0.76   1.01   1.26   1.51   1.76   2.00   2.25   2.49   2.72   2.96   3.19   3.42   3.64   3.87   4.08   4.29   4.50   4.70   4.90   5.09   5.28   5.46   5.64   5.81   5.97   6.13   6.28   6.43   6.57   6.70   6.82   6.94   7.05   7.16   7.26   7.35   7.43   7.50   7.57   7.63   7.69   7.73   7.77   7.80   7.82   7.84   7.85   7.85   7.84   7.82   7.80   7.77   7.73   7.69   7.63   7.57   7.50   7.43   7.35   7.26   7.16   7.05   6.94   6.82   6.70   6.57   6.43   6.28   6.13   5.97   5.81   5.64   5.46   5.28   5.09   4.90   4.70   4.50   4.29   4.08   3.87   3.64   3.42   3.19   2.96   2.72   2.49   2.25   2.00   1.76   1.51   1.26   1.01   0.76   0.51   0.25   0.00 
  0.00   0.27   0.53   0.80   1.06   1.33   1.59   1.85   2.11   2.37   2.62   2.87   3.12   3.36   3.60   3.84   4.07   4.30   4.52   4.74   4.95   5.16   5.37   5.56   5.75   5.94   6.12   6.29   6.46   6.62   6.77   6.92   7.05   7.19   7.31   7.43   7.54   7.64   7.73   7.82   7.90   7.97   8.04   8.09   8.14   8.18   8.21   8.24   8.25   8.26   8.26   8.25   8.24   8.21   8.18   8.14   8.09   8.04   7.97   7.90   7.82   7.73   7.64   7.54   7.43   7.31   7.19   7.05   6.92   6.77   6.62   6.46   6.29   6.12   5.94   5.75   5.56   5.37   5.16   4.95   4.74   4.52   4.30   4.07   3.84   3.60   3.36   3.12   2.87   2.62   2.37   2.11   1.85   1.59   1.33   1.06   0.80   0.53   0.27   0.00 
  0.00   0.28   0.56   0.84   1.12   1.40   1.67   1.95   2.22   2.49   2.76   3.02   3.28   3.54   3.79   4.04   4.28   4.52   4.76   4.99   5.21   5.43   5.64   5.85   6.05   6.25   6.43   6.62   6.79   6.96   7.12   7.27   7.42   7.56   7.69   7.81   7.92   8.03   8.13   8.22   8.31   8.38   8.45   8.51   8.56   8.60   8.63   8.66   8.68   8.68   8.68   8.68   8.66   8.63   8.60   8.56   8.51   8.45   8.38   8.31   8.22   8.13   8.03   7.92   7.81   7.69   7.56   7.42   7.27   7.12   6.96   6.79   6.62   6.43   6.25   6.05   5.85   5.64   5.43   5.21   4.99   4.76   4.52   4.28   4.04   3.79   3.54   3.28   3.02   2.76   2.49   2.22   1.95   1.67   1.40   1.12   0.84   0.56   0.28   0.00 
  0.00   0.30   0.59   0.88   1.18   1.47   1.76   2.05   2.33   2.62   2.90   3.17   3.45   3.72   3.98   4.24   4.50   4.75   5.00   5.24   5.48   5.70   5.93   6.15   6.36   6.56   6.76   6.95   7.13   7.31   7.48   7.64   7.79   7.94   8.07   8.20   8.32   8.43   8.54   8.63   8.72   8.80   8.87   8.93   8.99   9.03   9.06   9.09   9.11   9.12   9.12   9.11   9.09   9.06   9.03   8.99   8.93   8.87   8.80   8.72   8.63   8.54   8.43   8.32   8.20   8.07   7.94   7.79   7.64   7.48   7.31   7.13   6.95   6.76   6.56   6.36   6.15   5.93   5.70   5.48   5.24   5.00   4.75   4.50   4.24   3.98   3.72   3.45   3.17   2.90   2.62   2.33   2.05   1.76   1.47   1.18   0.88   0.59   0.30   0.00 
  0.00   0.31   0.62   0.93   1.24   1.54   1.85   2.15   2.45   2.75   3.04   3.33   3.62   3.90   4.18   4.45   4.72   4.99   5.25   5.50   5.75   5.99   6.22   6.45   6.67   6.89   7.09   7.29   7.48   7.67   7.85   8.01   8.17   8.33   8.47   8.61   8.73   8.85   8.96   9.06   9.15   9.23   9.31   9.37   9.43   9.47   9.51   9.54   9.56   9.56   9.56   9.56   9.54   9.51   9.47   9.43   9.37   9.31   9.23   9.15   9.06   8.96   8.85   8.73   8.61   8.47   8.33   8.17   8.01   7.85   7.67   7.48   7.29   7.09   6.89   6.67   6.45   6.22   5.99   5.75   5.50   5.25   4.99   4.72   4.45   4.18   3.90   3.62   3.33   3.04   2.75   2.45   2.15   1.85   1.54   1.24   0.93   0.62   0.31   0.00 
  0.00   0.32   0.65   0.97   1.30   1.62   1.94   2.25   2.57   2.88   3.19   3.49   3.80   4.09   4.38   4.67   4.95   5.23   5.50   5.77   6.03   6.28   6.53   6.76   7.00   7.22   7.44   7.65   7.85   8.04   8.22   8.40   8.57   8.73   8.88   9.02   9.15   9.28   9.39   9.50   9.59   9.68   9.75   9.82   9.88   9.93   9.97   9.99  10.01  10.02  10.02  10.01   9.99   9.97   9.93   9.88   9.82   9.75   9.68   9.59   9.50   9.39   9.28   9.15   9.02   8.88   8.73   8.57   8.40   8.22   8.04   7.85   7.65   7.44   7.22   7.00   6.76   6.53   6.28   6.03   5.77   5.50   5.23   4.95   4.67   4.38   4.09   3.80   3.49   3.19   2.88   2.57   2.25   1.94   1.62   1.30   0.97   0.65   0.32   0.00 
  0.00   0.34   0.68   1.02   1.36   1.70   2.03   2.36   2.69   3.02   3.34   3.66   3.98   4.29   4.59   4.90   5.19   5.48   5.77   6.04   6.31   6.58   6.84   7.09   7.33   7.56   7.79   8.01   8.22   8.42   8.61   8.80   8.97   9.14   9.30   9.45   9.58   9.71   9.83   9.94  10.04  10.13  10.21  10.28  10.34  10.39  10.43  10.46  10.48  10.49  10.49  10.48  10.46  10.43  10.39  10.34  10.28  10.21  10.13  10.04   9.94   9.83   9.71   9.58   9.45   9.30   9.14   8.97   8.80   8.61   8.42   8.22   8.01   7.79   7.56   7.33   7.09   6.84   6.58   6.31   6.04   5.77   5.48   5.19   4.90   4.59   4.29   3.98   3.66   3.34   3.02   2.69   2.36   2.03   1.70   1.36   1.02   0.68   0.34   0.00 
  0.00   0.36   0.71   1.07   1.42   1.78   2.13   2.47   2.82   3.16   3.50   3.84   4.17   4.49   4.81   5.13   5.44   5.74   6.04   6.33   6.61   6.89   7.16   7.42   7.67   7.92   8.15   8.38   8.60   8.81   9.02   9.21   9.39   9.57   9.73   9.89  10.03  10.16  10.29  10.40  10.51  10.60  10.69  10.76  10.82  10.88  10.92  10.95  10.97  10.98  10.98  10.97  10.95  10.92  10.88  10.82  10.76  10.69  10.60  10.51  10.40  10.29  10.16  10.03   9.89   9.73   9.57   9.39   9.21   9.02   8.81   8.60   8.38   8.15   7.92   7.67   7.42   7.16   6.89   6.61   6.33   6.04   5.74   5.44   5.13   4.81   4.49   4.17   3.84   3.50   3.16   2.82   2.47   2.13   1.78   1.42   1.07   0.71   0.36   0.00 
  0.00   0.37   0.75   1.12   1.49   1.86   2.23   2.59   2.95   3.31   3.66   4.01   4.36   4.70   5.04   5.37   5.69   6.01   6.32   6.62   6.92   7.21   7.49   7.76   8.03   8.28   8.53   8.77   9.00   9.22   9.43   9.63   9.82  10.00  10.18  10.34  10.49  10.63  10.76  10.88  10.99  11.08  11.17  11.25  11.31  11.37  11.41  11.45  11.47  11.48  11.48  11.47  11.45  11.41  11.37  11.31  11.25  11.17  11.08  10.99  10.88  10.76  10.63  10.49  10.34  10.18  10.00   9.82   9.63   9.43   9.22   9.00   8.77   8.53   8.28   8.03   7.76   7.49   7.21   6.92   6.62   6.32   6.01   5.69   5.37   5.04   4.70   4.36   4.01   3.66   3.31   2.95   2.59   2.23   1.86   1.49   1.12   0.75   0.37   0.00 
  0.00   0.39   0.78   1.17   1.56   1.94   2.33   2.71   3.09   3.46   3.83   4.20   4.56   4.92   5.27   5.61   5.95   6.28   6.61   6.92   7.23   7.53   7.83   8.11   8.39   8.66   8.92   9.17   9.40   9.63   9.85  10.06  10.26  10.45  10.63  10.80  10.96  11.10  11.24  11.36  11.48  11.58  11.67  11.75  11.82  11.88  11.92  11.96  11.98  11.99  11.99  11.98  11.96  11.92  11.88  11.82  11.75  11.67  11.58  11.48  11.36  11.24  11.10  10.96  10.80  10.63  10.45  10.26  10.06   9.85   9.63   9.40   9.17   8.92   8.66   8.39   8.11   7.83   7.53   7.23   6.92   6.61   6.28   5.95   5.61   5.27   4.92   4.56   4.20   3.83   3.46   3.09   2.71   2.33   1.94   1.56   1.17   0.78   0.39   0.00 
  0.00   0.41   0.82   1.22   1.63   2.03   2.43   2.83   3.23   3.62   4.01   4.39   4.77   5.14   5.50   5.86   6.22   6.56   6.90   7.23   7.56   7.87   8.18   8.48   8.77   9.05   9.31   9.57   9.82  10.06  10.29  10.51  10.72  10.92  11.10  11.28  11.44  11.60  11.74  11.87  11.99  12.09  12.19  12.27  12.34  12.40  12.45  12.48  12.51  12.52  12.52  12.51  12.48  12.45  12.40  12.34  12.27  12.19  12.09  11.99  11.87  11.74  11.60  11.44  11.28  11.10  10.92  10.72  10.51  10.29  10.06   9.82   9.57   9.31   9.05   8.77   8.48   8.18   7.87   7.56   7.23   6.90   6.56   6.22   5.86   5.50   5.14   4.77   4.39   4.01   3.62   3.23   2.83   2.43   2.03   1.63   1.22   0.82   0.41   0.00 
  0.00   0.43   0.85   1.28   1.70   2.12   2.54   2.96   3.37   3.78   4.19   4.59   4.98   5.37   5.75   6.13   6.49   6.86   7.21   7.56   7.89   8.22   8.54   8.85   9.15   9.44   9.73  10.00  10.26  10.51  10.75  10.97  11.19  11.40  11.59  11.77  11.94  12.10  12.25  12.38  12.51  12.62  12.72  12.80  12.88  12.94  12.99  13.03  13.05  13.06  13.06  13.05  13.03  12.99  12.94  12.88  12.80  12.72  12.62  12.51  12.38  12.25  12.10  11.94  11.77  11.59  11.40  11.19  10.97  10.75  10.51  10.26  10.00   9.73   9.44   9.15   8.85   8.54   8.22   7.89   7.56   7.21   6.86   6.49   6.13   5.75   5.37   4.98   4.59   4.19   3.78   3.37   2.96   2.54   2.12   1.70   1.28   0.85   0.43   0.00 
  0.00   0.45   0.89   1.34   1.78   2.22   2.66   3.09   3.52   3.95   4.37   4.79   5.20   5.60   6.00   6.40   6.78   7.16   7.53   7.89   8.24   8.58   8.92   9.24   9.55   9.86  10.15  10.43  10.70  10.96  11.21  11.45  11.67  11.89  12.09  12.28  12.46  12.62  12.77  12.92  13.04  13.16  13.26  13.35  13.43  13.49  13.54  13.58  13.61  13.62  13.62  13.61  13.58  13.54  13.49  13.43  13.35  13.26  13.16  13.04  12.92  12.77  12.62  12.46  12.28  12.09  11.89  11.67  11.45  11.21  10.96  10.70  10.43  10.15   9.86   9.55   9.24   8.92   8.58   8.24   7.89   7.53   7.16   6.78   6.40   6.00   5.60   5.20   4.79   4.37   3.95   3.52   3.09   2.66   2.22   1.78   1.34   0.89   0.45   0.00 
  0.00   0.47   0.93   1.39   1.86   2.32   2.77   3.23   3.68   4.12   4.56   5.00   5.43   5.85   6.27   6.68   7.08   7.47   7.85   8.23   8.60   8.95   9.30   9.64   9.97  10.28  10.59  10.88  11.16  11.43  11.69  11.94  12.17  12.40  12.61  12.80  12.99  13.16  13.32  13.46  13.60  13.72  13.82  13.92  14.00  14.06  14.12  14.16  14.18  14.20  14.20  14.18  14.16  14.12  14.06  14.00  13.92  13.82  13.72  13.60  13.46  13.32  13.16  12.99  12.80  12.61  12.40  12.17  11.94  11.69  11.43  11.16  10.88  10.59  10.28   9.97   9.64   9.30   8.95   8.60   8.23   7.85   7.47   7.08   6.68   6.27   5.85   5.43   5.00   4.56   4.12   3.68   3.23   2.77   2.32   1.86   1.39   0.93   0.47   0.00 
  0.00   0.49   0.97   1.45   1.94   2.42   2.89   3.37   3.84   4.30   4.76   5.21   5.66   6.10   6.54   6.96   7.38   7.79   8.19   8.58   8.97   9.34   9.70  10.05  10.39  10.72  11.04  11.34  11.64  11.92  12.19  12.44  12.69  12.92  13.14  13.34  13.53  13.71  13.88  14.03  14.17  14.29  14.40  14.50  14.58  14.65  14.71  14.75  14.78  14.79  14.79  14.78  14.75  14.71  14.65  14.58  14.50  14.40  14.29  14.17  14.03  13.88  13.71  13.53  13.34  13.14  12.92  12.69  12.44  12.19  11.92  11.64  11.34  11.04  10.72  10.39  10.05   9.70   9.34   8.97   8.58   8.19   7.79   7.38   6.96   6.54   6.10   5.66   5.21   4.76   4.30   3.84   3.37   2.89   2.42   1.94   1.45   0.97   0.49   0.00 
  0.00   0.51   1.01   1.52   2.02   2.52   3.02   3.51   4.00   4.49   4.97   5.44   5.91   6.37   6.82   7.26   7.70   8.12   8.54   8.95   9.35   9.73  10.11  10.48  10.83  11.17  11.50  11.82  12.12  12.42  12.70  12.96  13.22  13.46  13.68  13.90  14.10  14.28  14.45  14.61  14.75  14.88  15.00  15.10  15.18  15.26  15.31  15.36  15.39  15.40  15.40  15.39  15.36  15.31  15.26  15.18  15.10  15.00  14.88  14.75  14.61  14.45  14.28  14.10  13.90  13.68  13.46  13.22  12.96  12.70  12.42  12.12  11.82  11.50  11.17  10.83  10.48  10.11   9.73   9.35   8.95   8.54   8.12   7.70   7.26   6.82   6.37   5.91   5.44   4.97   4.49   4.00   3.51   3.02   2.52   2.02   1.52   1.01   0.51   0.00 
  0.00   0.53   1.06   1.58   2.11   2.63   3.15   3.66   4.17   4.68   5.18   5.67   6.16   6.64   7.11   7.57   8.02   8.47   8.90   9.33   9.74  10.14  10.54  10.92  11.28  11.64  11.98  12.31  12.63  12.93  13.22  13.50  13.76  14.01  14.25  14.47  14.68  14.87  15.05  15.21  15.36  15.49  15.61  15.72  15.81  15.88  15.94  15.98  16.01  16.03  16.03  16.01  15.98  15.94  15.88  15.81  15.72  15.61  15.49  15.36  15.21  15.05  14.87  14.68  14.47  14.25  14.01  13.76  13.50  13.22  12.93  12.63  12.31  11.98  11.64  11.28  10.92  10.54  10.14   9.74   9.33   8.90   8.47   8.02   7.57   7.11   6.64   6.16   5.67   5.18   4.68   4.17   3.66   3.15   2.63   2.11   1.58   1.06   0.53   0.00 
  0.00   0.55   1.10   1.65   2.20   2.74   3.28   3.82   4.35   4.88   5.40   5.91   6.42   6.92   7.41   7.89   8.36   8.82   9.28   9.72  10.15  10.57  10.97  11.37  11.75  12.12  12.48  12.82  13.15  13.47  13.77  14.05  14.33  14.59  14.83  15.06  15.27  15.47  15.66  15.83  15.98  16.12  16.24  16.35  16.44  16.52  16.58  16.63  16.66  16.68  16.68  16.66  16.63  16.58  16.52  16.44  16.35  16.24  16.12  15.98  15.83  15.66  15.47  15.27  15.06  14.83  14.59  14.33  14.05  13.77  13.47  13.15  12.82  12.48  12.12  11.75  11.37  10.97  10.57  10.15   9.72   9.28   8.82   8.36   7.89   7.41   6.92   6.42   5.91   5.40   4.88   4.35   3.82   3.28   2.74   2.20   1.65   1.10   0.55   0.00 
  0.00   0.57   1.15   1.72   2.29   2.86   3.42   3.98   4.53   5.08   5.62   6.16   6.69   7.21   7.72   8.22   8.71   9.19   9.66  10.12  10.57  11.00  11.43  11.84  12.24  12.62  12.99  13.35  13.69  14.01  14.33  14.63  14.91  15.18  15.43  15.67  15.89  16.10  16.29  16.46  16.62  16.77  16.89  17.01  17.10  17.18  17.25  17.29  17.33  17.34  17.34  17.33  17.29  17.25  17.18  17.10  17.01  16.89  16.77  16.62  16.46  16.29  16.10  15.89  15.67  15.43  15.18  14.91  14.63  14.33  14.01  13.69  13.35  12.99  12.62  12.24  11.84  11.43  11.00  10.57  10.12   9.66   9.19   8.71   8.22   7.72   7.21   6.69   6.16   5.62   5.08   4.53   3.98   3.42   2.86   2.29   1.72   1.15   0.57   0.00 
  0.00   0.60   1.20   1.79   2.39   2.98   3.56   4.15   4.72   5.30   5.86   6.42   6.97   7.51   8.04   8.56   9.07   9.57  10.06  10.54  11.01  11.46  11.90  12.32  12.74  13.13  13.52  13.89  14.24  14.58  14.91  15.22  15.51  15.79  16.05  16.30  16.53  16.74  16.94  17.12  17.28  17.43  17.56  17.68  17.78  17.86  17.93  17.98  18.01  18.03  18.03  18.01  17.98  17.93  17.86  17.78  17.68  17.56  17.43  17.28  17.12  16.94  16.74  16.53  16.30  16.05  15.79  15.51  15.22  14.91  14.58  14.24  13.89  13.52  13.13  12.74  12.32  11.90  11.46  11.01  10.54  10.06   9.57   9.07   8.56   8.04   7.51   6.97   6.42   5.86   5.30   4.72   4.15   3.56   2.98   2.39   1.79   1.20   0.60   0.00 
  0.00   0.62   1.25   1.87   2.49   3.10   3.71   4.32   4.92   5.52   6.10   6.69   7.26   7.82   8.37   8.91   9.45   9.97  10.48  10.97  11.46  11.93  12.38  12.82  13.25  13.67  14.06  14.45  14.82  15.17  15.50  15.82  16.13  16.42  16.69  16.94  17.18  17.40  17.61  17.79  17.97  18.12  18.26  18.38  18.48  18.56  18.63  18.68  18.72  18.74  18.74  18.72  18.68  18.63  18.56  18.48  18.38  18.26  18.12  17.97  17.79  17.61  17.40  17.18  16.94  16.69  16.42  16.13  15.82  15.50  15.17  14.82  14.45  14.06  13.67  13.25  12.82  12.38  11.93  11.46  10.97  10.48   9.97   9.45   8.91   8.37   7.82   7.26   6.69   6.10   5.52   4.92   4.32   3.71   3.10   2.49   1.87   1.25   0.62   0.00 
  0.00   0.65   1.30   1.95   2.59   3.23   3.87   4.50   5.13   5.75   6.36   6.96   7.56   8.14   8.72   9.28   9.83  10.37  10.90  11.42  11.92  12.41  12.88  13.34  13.79  14.21  14.63  15.02  15.41  15.77  16.12  16.45  16.77  17.06  17.34  17.61  17.85  18.08  18.30  18.49  18.67  18.83  18.97  19.09  19.20  19.28  19.36  19.41  19.44  19.46  19.46  19.44  19.41  19.36  19.28  19.20  19.09  18.97  18.83  18.67  18.49  18.30  18.08  17.85  17.61  17.34  17.06  16.77  16.45  16.12  15.77  15.41  15.02  14.63  14.21  13.79  13.34  12.88  12.41  11.92  11.42  10.90  10.37   9.83   9.28   8.72   8.14   7.56   6.96   6.36   5.75   5.13   4.50   3.87   3.23   2.59   1.95   1.30   0.65   0.00 
  0.00   0.68   1.35   2.03   2.70   3.37   4.03   4.69   5.34   5.98   6.62   7.25   7.87   8.48   9.07   9.66  10.24  10.80  11.35  11.88  12.40  12.91  13.40  13.88  14.34  14.78  15.21  15.62  16.02  16.40  16.76  17.10  17.43  17.73  18.02  18.30  18.55  18.79  19.01  19.21  19.39  19.55  19.70  19.83  19.94  20.03  20.10  20.16  20.19  20.21  20.21  20.19  20.16  20.10  20.03  19.94  19.83  19.70  19.55  19.39  19.21  19.01  18.79  18.55  18.30  18.02  17.73  17.43  17.10  16.76  16.40  16.02  15.62  15.21  14.78  14.34  13.88  13.40  12.91  12.40  11.88  11.35  10.80  10.24   9.66   9.07   8.48   7.87   7.25   6.62   5.98   5.34   4.69   4.03   3.37   2.70   2.03   1.35   0.68   0.00 
  0.00   0.70   1.41   2.11   2.81   3.51   4.20   4.88   5.56   6.23   6.89   7.55   8.19   8.82   9.44  10.05  10.65  11.24  11.81  12.36  12.90  13.43  13.94  14.43  14.91  15.37  15.81  16.24  16.65  17.04  17.41  17.77  18.11  18.42  18.72  19.01  19.27  19.51  19.74  19.95  20.14  20.31  20.46  20.59  20.70  20.80  20.87  20.93  20.97  20.98  20.98  20.97  20.93  20.87  20.80  20.70  20.59  20.46  20.31  20.14  19.95  19.74  19.51  19.27  19.01  18.72  18.42  18.11  17.77  17.41  17.04  16.65  16.24  15.81  15.37  14.91  14.43  13.94  13.43  12.90  12.36  11.81  11.24  10.65  10.05   9.44   8.82   8.19   7.55   6.89   6.23   5.56   4.88   4.20   3.51   2.81   2.11   1.41   0.70   0.00 
  0.00   0.73   1.47   2.20   2.93   3.65   4.37   5.08   5.79   6.49   7.18   7.85   8.52   9.18   9.83  10.46  11.08  11.69  12.28  12.86  13.42  13.96  14.49  15.00  15.50  15.98  16.44  16.88  17.30  17.70  18.09  18.46  18.81  19.14  19.45  19.74  20.01  20.26  20.49  20.71  20.90  21.08  21.23  21.37  21.49  21.58  21.66  21.72  21.76  21.78  21.78  21.76  21.72  21.66  21.58  21.49  21.37  21.23  21.08  20.90  20.71  20.49  20.26  20.01  19.74  19.45  19.14  18.81  18.46  18.09  17.70  17.30  16.88  16.44  15.98  15.50  15.00  14.49  13.96  13.42  12.86  12.28  11.69  11.08  10.46   9.83   9.18   8.52   7.85   7.18   6.49   5.79   5.08   4.37   3.65   2.93   2.20   1.47   0.73   0.00 
  0.00   0.76   1.53   2.29   3.05   3.80   4.55   5.29   6.03   6.75   7.47   8.18   8.87   9.56  10.23  10.89  11.53  12.16  12.77  13.37  13.95  14.52  15.07  15.60  16.11  16.60  17.08  17.54  17.97  18.39  18.79  19.17  19.53  19.87  20.19  20.49  20.77  21.03  21.27  21.49  21.69  21.87  22.04  22.18  22.30  22.40  22.48  22.54  22.58  22.60  22.60  22.58  22.54  22.48  22.40  22.30  22.18  22.04  21.87  21.69  21.49  21.27  21.03  20.77  20.49  20.19  19.87  19.53  19.17  18.79  18.39  17.97  17.54  17.08  16.60  16.11  15.60  15.07  14.52  13.95  13.37  12.77  12.16  11.53  10.89  10.23   9.56   8.87   8.18   7.47   6.75   6.03   5.29   4.55   3.80   3.05   2.29   1.53   0.76   0.00 
  0.00   0.80   1.59   2.38   3.17   3.96   4.74   5.51   6.27   7.03   7.77   8.51   9.23   9.94  10.64  11.32  11.99  12.65  13.28  13.90  14.51  15.09  15.66  16.21  16.74  17.25  17.74  18.22  18.67  19.10  19.51  19.91  20.28  20.63  20.96  21.27  21.56  21.83  22.08  22.30  22.51  22.70  22.86  23.00  23.13  23.23  23.31  23.38  23.42  23.44  23.44  23.42  23.38  23.31  23.23  23.13  23.00  22.86  22.70  22.51  22.30  22.08  21.83  21.56  21.27  20.96  20.63  20.28  19.91  19.51  19.10  18.67  18.22  17.74  17.25  16.74  16.21  15.66  15.09  14.51  13.90  13.28  12.65  11.99  11.32  10.64   9.94   9.23   8.51   7.77   7.03   6.27   5.51   4.74   3.96   3.17   2.38   1.59   0.80   0.00 
  0.00   0.83   1.66   2.48   3.30   4.12   4.93   5.73   6.53   7.31   8.09   8.85   9.61  10.34  11.07  11.78  12.47  13.15  13.81  14.46  15.08  15.69  16.28  16.84  17.39  17.92  18.43  18.92  19.39  19.83  20.26  20.66  21.05  21.41  21.75  22.07  22.37  22.65  22.90  23.13  23.35  23.54  23.71  23.86  23.99  24.09  24.18  24.24  24.28  24.30  24.30  24.28  24.24  24.18  24.09  23.99  23.86  23.71  23.54  23.35  23.13  22.90  22.65  22.37  22.07  21.75  21.41  21.05  20.66  20.26  19.83  19.39  18.92  18.43  17.92  17.39  16.84  16.28  15.69  15.08  14.46  13.81  13.15  12.47  11.78  11.07  10.34   9.61   8.85   8.09   7.31   6.53   5.73   4.93   4.12   3.30   2.48   1.66   0.83   0.00 
  0.00   0.86   1.72   2.58   3.44   4.29   5.13   5.97   6.80   7.61   8.42   9.21  10.00  10.76  11.52  12.25  12.97  13.68  14.36  15.03  15.68  16.31  16.91  17.50  18.07  18.62  19.14  19.65  20.13  20.59  21.03  21.45  21.84  22.22  22.57  22.90  23.21  23.49  23.75  23.99  24.21  24.41  24.58  24.74  24.87  24.98  25.07  25.13  25.17  25.20  25.20  25.17  25.13  25.07  24.98  24.87  24.74  24.58  24.41  24.21  23.99  23.75  23.49  23.21  22.90  22.57  22.22  21.84  21.45  21.03  20.59  20.13  19.65  19.14  18.62  18.07  17.50  16.91  16.31  15.68  15.03  14.36  13.68  12.97  12.25  11.52  10.76  10.00   9.21   8.42   7.61   6.80   5.97   5.13   4.29   3.44   2.58   1.72   0.86   0.00 
  0.00   0.90   1.80   2.69   3.58   4.47   5.34   6.21   7.07   7.92   8.76   9.59  10.40  11.20  11.98  12.74  13.49  14.22  14.93  15.62  16.29  16.94  17.57  18.18  18.77  19.34  19.88  20.40  20.90  21.37  21.83  22.26  22.67  23.05  23.41  23.75  24.07  24.36  24.63  24.88  25.10  25.31  25.49  25.64  25.78  25.89  25.98  26.05  26.09  26.11  26.11  26.09  26.05  25.98  25.89  25.78  25.64  25.49  25.31  25.10  24.88  24.63  24.36  24.07  23.75  23.41  23.05  22.67  22.26  21.83  21.37  20.90  20.40  19.88  19.34  18.77  18.18  17.57  16.94  16.29  15.62  14.93  14.22  13.49  12.74  11.98  11.20  10.40   9.59   8.76   7.92   7.07   6.21   5.34   4.47   3.58   2.69   1.80   0.90   0.00 
  0.00   0.94   1.87   2.80   3.73   4.65   5.56   6.47   7.36   8.25   9.12   9.98  10.82  11.65  12.46  13.25  14.03  14.79  15.52  16.24  16.93  17.61  18.26  18.89  19.49  20.08  20.64  21.18  21.69  22.18  22.65  23.09  23.51  23.91  24.28  24.63  24.95  25.26  25.53  25.79  26.02  26.23  26.41  26.57  26.71  26.83  26.92  26.99  27.03  27.06  27.06  27.03  26.99  26.92  26.83  26.71  26.57  26.41  26.23  26.02  25.79  25.53  25.26  24.95  24.63  24.28  23.91  23.51  23.09  22.65  22.18  21.69  21.18  20.64  20.08  19.49  18.89  18.26  17.61  16.93  16.24  15.52  14.79  14.03  13.25  12.46  11.65  10.82   9.98   9.12   8.25   7.36   6.47   5.56   4.65   3.73   2.80   1.87   0.94   0.00 
  0.00   0.97   1.95   2.92   3.88   4.84   5.79   6.73   7.67   8.58   9.49  10.38  11.26  12.12  12.96  13.78  14.59  15.37  16.14  16.88  17.60  18.29  18.97  19.62  20.24  20.85  21.43  21.98  22.51  23.02  23.50  23.96  24.39  24.79  25.18  25.54  25.87  26.18  26.47  26.73  26.96  27.18  27.37  27.53  27.67  27.79  27.89  27.96  28.00  28.03  28.03  28.00  27.96  27.89  27.79  27.67  27.53  27.37  27.18  26.96  26.73  26.47  26.18  25.87  25.54  25.18  24.79  24.39  23.96  23.50  23.02  22.51  21.98  21.43  20.85  20.24  19.62  18.97  18.29  17.60  16.88  16.14  15.37  14.59  13.78  12.96  12.12  11.26  10.38   9.49   8.58   7.67   6.73   5.79   4.84   3.88   2.92   1.95   0.97   0.00 
  0.00   1.01   2.03   3.04   4.04   5.04   6.03   7.01   7.98   8.94   9.88  10.81  11.72  12.61  13.48  14.34  15.17  15.98  16.77  17.54  18.28  19.01  19.70  20.37  21.02  21.64  22.24  22.81  23.36  23.88  24.38  24.85  25.29  25.71  26.10  26.47  26.81  27.13  27.42  27.69  27.94  28.15  28.35  28.52  28.66  28.78  28.88  28.95  29.00  29.03  29.03  29.00  28.95  28.88  28.78  28.66  28.52  28.35  28.15  27.94  27.69  27.42  27.13  26.81  26.47  26.10  25.71  25.29  24.85  24.38  23.88  23.36  22.81  22.24  21.64  21.02  20.37  19.70  19.01  18.28  17.54  16.77  15.98  15.17  14.34  13.48  12.61  11.72  10.81   9.88   8.94   7.98   7.01   6.03   5.04   4.04   3.04   2.03   1.01   0.00 
  0.00   1.06   2.11   3.16   4.21   5.25   6.28   7.30   8.31   9.30  10.28  11.24  12.19  13.12  14.02  14.91  15.77  16.62  17.43  18.23  19.00  19.74  20.46  21.16  21.83  22.47  23.08  23.67  24.23  24.77  25.28  25.76  26.22  26.65  27.05  27.43  27.78  28.11  28.41  28.69  28.94  29.16  29.36  29.53  29.68  29.80  29.90  29.98  30.03  30.05  30.05  30.03  29.98  29.90  29.80  29.68  29.53  29.36  29.16  28.94  28.69  28.41  28.11  27.78  27.43  27.05  26.65  26.22  25.76  25.28  24.77  24.23  23.67  23.08  22.47  21.83  21.16  20.46  19.74  19.00  18.23  17.43  16.62  15.77  14.91  14.02  13.12  12.19  11.24  10.28   9.30   8.31   7.30   6.28   5.25   4.21   3.16   2.11   1.06   0.00 
  0.00   1.10   2.20   3.30   4.39   5.47   6.54   7.60   8.65   9.69  10.70  11.70  12.69  13.65  14.59  15.51  16.40  17.28  18.12  18.94  19.74  20.51  21.25  21.97  22.66  23.32  23.96  24.56  25.14  25.69  26.22  26.71  27.18  27.62  28.04  28.43  28.79  29.12  29.43  29.71  29.97  30.19  30.40  30.58  30.73  30.86  30.96  31.03  31.08  31.11  31.11  31.08  31.03  30.96  30.86  30.73  30.58  30.40  30.19  29.97  29.71  29.43  29.12  28.79  28.43  28.04  27.62  27.18  26.71  26.22  25.69  25.14  24.56  23.96  23.32  22.66  21.97  21.25  20.51  19.74  18.94  18.12  17.28  16.40  15.51  14.59  13.65  12.69  11.70  10.70   9.69   8.65   7.60   6.54   5.47   4.39   3.30   2.20   1.10   0.00 
  0.00   1.15   2.29   3.43   4.57   5.70   6.81   7.92   9.01  10.08  11.14  12.18  13.20  14.20  15.18  16.13  17.06  17.96  18.84  19.69  20.51  21.31  22.07  22.81  23.52  24.20  24.86  25.48  26.08  26.64  27.18  27.69  28.17  28.63  29.05  29.45  29.82  30.16  30.48  30.76  31.02  31.26  31.47  31.65  31.80  31.93  32.04  32.11  32.17  32.19  32.19  32.17  32.11  32.04  31.93  31.80  31.65  31.47  31.26  31.02  30.76  30.48  30.16  29.82  29.45  29.05  28.63  28.17  27.69  27.18  26.64  26.08  25.48  24.86  24.20  23.52  22.81  22.07  21.31  20.51  19.69  18.84  17.96  17.06  16.13  15.18  14.20  13.20  12.18  11.14  10.08   9.01   7.92   6.81   5.70   4.57   3.43   2.29   1.15   0.00 
  0.00   1.20   2.39   3.58   4.76   5.94   7.10   8.25   9.38  10.50  11.60  12.68  13.74  14.78  15.79  16.78  17.74  18.67  19.58  20.46  21.31  22.13  22.92  23.68  24.42  25.12  25.79  26.43  27.04  27.63  28.18  28.70  29.19  29.66  30.09  30.50  30.88  31.23  31.55  31.85  32.11  32.35  32.57  32.75  32.91  33.04  33.15  33.23  33.28  33.31  33.31  33.28  33.23  33.15  33.04  32.91  32.75  32.57  32.35  32.11  31.85  31.55  31.23  30.88  30.50  30.09  29.66  29.19  28.70  28.18  27.63  27.04  26.43  25.79  25.12  24.42  23.68  22.92  22.13  21.31  20.46  19.58  18.67  17.74  16.78  15.79  14.78  13.74  12.68  11.60  10.50   9.38   8.25   7.10   5.94   4.76   3.58   2.39   1.20   0.00 
  0.00   1.25   2.49   3.73   4.96   6.19   7.40   8.59   9.78  10.94  12.08  13.21  14.31  15.38  16.43  17.46  18.45  19.42  20.36  21.27  22.14  22.99  23.81  24.59  25.34  26.07  26.76  27.42  28.05  28.64  29.21  29.74  30.25  30.73  31.17  31.59  31.97  32.33  32.66  32.96  33.23  33.48  33.70  33.88  34.05  34.18  34.29  34.37  34.42  34.45  34.45  34.42  34.37  34.29  34.18  34.05  33.88  33.70  33.48  33.23  32.96  32.66  32.33  31.97  31.59  31.17  30.73  30.25  29.74  29.21  28.64  28.05  27.42  26.76  26.07  25.34  24.59  23.81  22.99  22.14  21.27  20.36  19.42  18.45  17.46  16.43  15.38  14.31  13.21  12.08  10.94   9.78   8.59   7.40   6.19   4.96   3.73   2.49   1.25   0.00 
  0.00   1.30   2.60   3.89   5.17   6.45   7.71   8.96  10.19  11.40  12.59  13.75  14.90  16.01  17.10  18.16  19.19  20.19  21.16  22.10  23.01  23.88  24.72  25.53  26.31  27.05  27.76  28.44  29.08  29.69  30.27  30.82  31.34  31.82  32.28  32.71  33.10  33.47  33.80  34.11  34.39  34.64  34.86  35.05  35.21  35.35  35.46  35.54  35.60  35.62  35.62  35.60  35.54  35.46  35.35  35.21  35.05  34.86  34.64  34.39  34.11  33.80  33.47  33.10  32.71  32.28  31.82  31.34  30.82  30.27  29.69  29.08  28.44  27.76  27.05  26.31  25.53  24.72  23.88  23.01  22.10  21.16  20.19  19.19  18.16  17.10  16.01  14.90  13.75  12.59  11.40  10.19   8.96   7.71   6.45   5.17   3.89   2.60   1.30   0.00 
  0.00   1.36   2.71   4.06   5.40   6.72   8.04   9.34  10.62  11.88  13.11  14.33  15.51  16.67  17.80  18.90  19.97  21.00  22.00  22.97  23.91  24.81  25.67  26.50  27.30  28.07  28.79  29.49  30.15  30.78  31.37  31.93  32.46  32.96  33.42  33.86  34.26  34.63  34.97  35.29  35.57  35.82  36.05  36.24  36.41  36.55  36.66  36.75  36.80  36.83  36.83  36.80  36.75  36.66  36.55  36.41  36.24  36.05  35.82  35.57  35.29  34.97  34.63  34.26  33.86  33.42  32.96  32.46  31.93  31.37  30.78  30.15  29.49  28.79  28.07  27.30  26.50  25.67  24.81  23.91  22.97  22.00  21.00  19.97  18.90  17.80  16.67  15.51  14.33  13.11  11.88  10.62   9.34   8.04   6.72   5.40   4.06   2.71   1.36   0.00 
  0.00   1.42   2.83   4.23   5.63   7.02   8.39   9.74  11.07  12.38  13.67  14.93  16.16  17.36  18.53  19.67  20.77  21.84  22.88  23.88  24.84  25.77  26.66  27.52  28.34  29.12  29.87  30.58  31.26  31.90  32.51  33.08  33.62  34.13  34.60  35.04  35.45  35.83  36.18  36.50  36.79  37.05  37.27  37.47  37.64  37.79  37.90  37.98  38.04  38.07  38.07  38.04  37.98  37.90  37.79  37.64  37.47  37.27  37.05  36.79  36.50  36.18  35.83  35.45  35.04  34.60  34.13  33.62  33.08  32.51  31.90  31.26  30.58  29.87  29.12  28.34  27.52  26.66  25.77  24.84  23.88  22.88  21.84  20.77  19.67  18.53  17.36  16.16  14.93  13.67  12.38  11.07   9.74   8.39   7.02   5.63   4.23   2.83   1.42   0.00 
  0.00   1.48   2.95   4.42   5.88   7.32   8.75  10.16  11.55  12.91  14.25  15.56  16.84  18.08  19.30  20.47  21.62  22.72  23.79  24.82  25.82  26.77  27.69  28.57  29.41  30.21  30.98  31.71  32.40  33.06  33.68  34.26  34.81  35.33  35.81  36.26  36.68  37.07  37.42  37.74  38.04  38.30  38.53  38.73  38.91  39.05  39.16  39.25  39.31  39.34  39.34  39.31  39.25  39.16  39.05  38.91  38.73  38.53  38.30  38.04  37.74  37.42  37.07  36.68  36.26  35.81  35.33  34.81  34.26  33.68  33.06  32.40  31.71  30.98  30.21  29.41  28.57  27.69  26.77  25.82  24.82  23.79  22.72  21.62  20.47  19.30  18.08  16.84  15.56  14.25  12.91  11.55  10.16   8.75   7.32   5.88   4.42   2.95   1.48   0.00 
  0.00   1.54   3.08   4.61   6.14   7.64   9.13  10.60  12.05  13.47  14.86  16.22  17.55  18.84  20.10  21.32  22.50  23.64  24.74  25.81  26.83  27.81  28.76  29.66  30.52  31.34  32.13  32.87  33.58  34.25  34.89  35.48  36.04  36.57  37.06  37.52  37.94  38.34  38.70  39.02  39.32  39.59  39.82  40.03  40.20  40.35  40.46  40.55  40.61  40.64  40.64  40.61  40.55  40.46  40.35  40.20  40.03  39.82  39.59  39.32  39.02  38.70  38.34  37.94  37.52  37.06  36.57  36.04  35.48  34.89  34.25  33.58  32.87  32.13  31.34  30.52  29.66  28.76  27.81  26.83  25.81  24.74  23.64  22.50  21.32  20.10  18.84  17.55  16.22  14.86  13.47  12.05  10.60   9.13   7.64   6.14   4.61   3.08   1.54   0.00 
  0.00   1.61   3.22   4.82   6.41   7.98   9.54  11.07  12.58  14.05  15.50  16.91  18.29  19.63  20.94  22.20  23.42  24.60  25.74  26.83  27.89  28.90  29.87  30.79  31.68  32.52  33.32  34.08  34.81  35.49  36.13  36.74  37.31  37.85  38.35  38.81  39.24  39.64  40.01  40.34  40.64  40.91  41.15  41.35  41.53  41.68  41.80  41.88  41.94  41.97  41.97  41.94  41.88  41.80  41.68  41.53  41.35  41.15  40.91  40.64  40.34  40.01  39.64  39.24  38.81  38.35  37.85  37.31  36.74  36.13  35.49  34.81  34.08  33.32  32.52  31.68  30.79  29.87  28.90  27.89  26.83  25.74  24.60  23.42  22.20  20.94  19.63  18.29  16.91  15.50  14.05  12.58  11.07   9.54   7.98   6.41   4.82   3.22   1.61   0.00 
  0.00   1.69   3.37   5.04   6.70   8.34   9.97  11.56  13.13  14.67  16.18  17.65  19.08  20.47  21.82  23.12  24.39  25.60  26.78  27.91  28.99  30.03  31.02  31.97  32.87  33.74  34.56  35.33  36.07  36.77  37.42  38.04  38.62  39.16  39.67  40.14  40.58  40.98  41.35  41.69  41.99  42.26  42.50  42.71  42.89  43.04  43.16  43.25  43.31  43.34  43.34  43.31  43.25  43.16  43.04  42.89  42.71  42.50  42.26  41.99  41.69  41.35  40.98  40.58  40.14  39.67  39.16  38.62  38.04  37.42  36.77  36.07  35.33  34.56  33.74  32.87  31.97  31.02  30.03  28.99  27.91  26.78  25.60  24.39  23.12  21.82  20.47  19.08  17.65  16.18  14.67  13.13  11.56   9.97   8.34   6.70   5.04   3.37   1.69   0.00 
  0.00   1.76   3.52   5.27   7.01   8.72  10.42  12.09  13.72  15.32  16.89  18.42  19.90  21.34  22.74  24.09  25.40  26.65  27.86  29.02  30.14  31.20  32.22  33.19  34.12  35.00  35.83  36.63  37.38  38.08  38.75  39.38  39.97  40.52  41.03  41.51  41.95  42.36  42.73  43.07  43.38  43.65  43.90  44.11  44.29  44.44  44.56  44.65  44.71  44.74  44.74  44.71  44.65  44.56  44.44  44.29  44.11  43.90  43.65  43.38  43.07  42.73  42.36  41.95  41.51  41.03  40.52  39.97  39.38  38.75  38.08  37.38  36.63  35.83  35.00  34.12  33.19  32.22  31.20  30.14  29.02  27.86  26.65  25.40  24.09  22.74  21.34  19.90  18.42  16.89  15.32  13.72  12.09  10.42   8.72   7.01   5.27   3.52   1.76   0.00 
  0.00   1.85   3.69   5.52   7.33   9.13  10.90  12.64  14.35  16.02  17.65  19.23  20.77  22.27  23.71  25.11  26.46  27.75  29.00  30.19  31.33  32.43  33.47  34.46  35.41  36.31  37.16  37.97  38.73  39.45  40.13  40.76  41.36  41.92  42.44  42.92  43.36  43.78  44.15  44.49  44.80  45.08  45.32  45.54  45.72  45.87  45.99  46.08  46.14  46.17  46.17  46.14  46.08  45.99  45.87  45.72  45.54  45.32  45.08  44.80  44.49  44.15  43.78  43.36  42.92  42.44  41.92  41.36  40.76  40.13  39.45  38.73  37.97  37.16  36.31  35.41  34.46  33.47  32.43  31.33  30.19  29.00  27.75  26.46  25.11  23.71  22.27  20.77  19.23  17.65  16.02  14.35  12.64  10.90   9.13   7.33   5.52   3.69   1.85   0.00 
  0.00   1.94   3.86   5.78   7.68   9.56  11.41  13.23  15.01  16.75  18.44  20.09  21.69  23.24  24.74  26.18  27.57  28.91  30.19  31.41  32.58  33.70  34.77  35.78  36.75  37.66  38.53  39.35  40.13  40.86  41.54  42.19  42.79  43.35  43.88  44.36  44.81  45.23  45.61  45.95  46.26  46.54  46.79  47.00  47.18  47.33  47.45  47.54  47.60  47.63  47.63  47.60  47.54  47.45  47.33  47.18  47.00  46.79  46.54  46.26  45.95  45.61  45.23  44.81  44.36  43.88  43.35  42.79  42.19  41.54  40.86  40.13  39.35  38.53  37.66  36.75  35.78  34.77  33.70  32.58  31.41  30.19  28.91  27.57  26.18  24.74  23.24  21.69  20.09  18.44  16.75  15.01  13.23  11.41   9.56   7.68   5.78   3.86   1.94   0.00 
  0.00   2.03   4.05   6.06   8.05  10.02  11.95  13.85  15.71  17.52  19.29  21.00  22.66  24.27  25.82  27.31  28.74  30.11  31.43  32.69  33.89  35.03  36.12  37.16  38.14  39.07  39.95  40.78  41.57  42.31  43.00  43.65  44.26  44.83  45.36  45.85  46.30  46.72  47.10  47.44  47.76  48.04  48.28  48.50  48.68  48.83  48.95  49.04  49.10  49.13  49.13  49.10  49.04  48.95  48.83  48.68  48.50  48.28  48.04  47.76  47.44  47.10  46.72  46.30  45.85  45.36  44.83  44.26  43.65  43.00  42.31  41.57  40.78  39.95  39.07  38.14  37.16  36.12  35.03  33.89  32.69  31.43  30.11  28.74  27.31  25.82  24.27  22.66  21.00  19.29  17.52  15.71  13.85  11.95  10.02   8.05   6.06   4.05   2.03   0.00 
  0.00   2.13   4.25   6.36   8.45  10.51  12.53  14.52  16.46  18.35  20.19  21.97  23.69  25.35  26.96  28.49  29.97  31.38  32.73  34.02  35.25  36.42  37.53  38.59  39.59  40.53  41.43  42.27  43.06  43.81  44.51  45.17  45.78  46.35  46.88  47.38  47.83  48.25  48.63  48.98  49.29  49.57  49.81  50.03  50.21  50.36  50.48  50.57  50.63  50.67  50.67  50.63  50.57  50.48  50.36  50.21  50.03  49.81  49.57  49.29  48.98  48.63  48.25  47.83  47.38  46.88  46.35  45.78  45.17  44.51  43.81  43.06  42.27  41.43  40.53  39.59  38.59  37.53  36.42  35.25  34.02  32.73  31.38  29.97  28.49  26.96  25.35  23.69  21.97  20.19  18.35  16.46  14.52  12.53  10.51   8.45   6.36   4.25   2.13   0.00 
  0.00   2.24   4.47   6.68   8.87  11.03  13.15  15.23  17.26  19.23  21.14  22.99  24.78  26.50  28.16  29.74  31.26  32.72  34.10  35.42  36.68  37.87  39.00  40.07  41.09  42.05  42.95  43.80  44.60  45.36  46.06  46.72  47.34  47.91  48.45  48.94  49.40  49.82  50.20  50.54  50.86  51.14  51.38  51.60  51.78  51.93  52.05  52.14  52.20  52.23  52.23  52.20  52.14  52.05  51.93  51.78  51.60  51.38  51.14  50.86  50.54  50.20  49.82  49.40  48.94  48.45  47.91  47.34  46.72  46.06  45.36  44.60  43.80  42.95  42.05  41.09  40.07  39.00  37.87  36.68  35.42  34.10  32.72  31.26  29.74  28.16  26.50  24.78  22.99  21.14  19.23  17.26  15.23  13.15  11.03   8.87   6.68   4.47   2.24   0.00 
  0.00   2.36   4.70   7.03   9.33  11.60  13.82  15.99  18.11  20.17  22.16  24.08  25.94  27.72  29.43  31.06  32.62  34.12  35.53  36.88  38.17  39.38  40.53  41.62  42.65  43.62  44.53  45.39  46.20  46.95  47.66  48.33  48.95  49.52  50.05  50.55  51.00  51.42  51.80  52.15  52.46  52.74  52.98  53.20  53.38  53.53  53.65  53.74  53.80  53.83  53.83  53.80  53.74  53.65  53.53  53.38  53.20  52.98  52.74  52.46  52.15  51.80  51.42  51.00  50.55  50.05  49.52  48.95  48.33  47.66  46.95  46.20  45.39  44.53  43.62  42.65  41.62  40.53  39.38  38.17  36.88  35.53  34.12  32.62  31.06  29.43  27.72  25.94  24.08  22.16  20.17  18.11  15.99  13.82  11.60   9.33   7.03   4.70   2.36   0.00 
  0.00   2.48   4.95   7.40   9.82  12.20  14.54  16.81  19.02  21.17  23.24  25.24  27.16  29.01  30.77  32.46  34.06  35.59  37.04  38.42  39.72  40.96  42.13  43.23  44.27  45.25  46.17  47.03  47.84  48.60  49.31  49.98  50.60  51.17  51.71  52.20  52.65  53.07  53.45  53.79  54.10  54.38  54.62  54.83  55.01  55.16  55.28  55.37  55.43  55.46  55.46  55.43  55.37  55.28  55.16  55.01  54.83  54.62  54.38  54.10  53.79  53.45  53.07  52.65  52.20  51.71  51.17  50.60  49.98  49.31  48.60  47.84  47.03  46.17  45.25  44.27  43.23  42.13  40.96  39.72  38.42  37.04  35.59  34.06  32.46  30.77  29.01  27.16  25.24  23.24  21.17  19.02  16.81  14.54  12.20   9.82   7.40   4.95   2.48   0.00 
  0.00   2.62   5.23   7.81  10.36  12.86  15.31  17.69  20.01  22.25  24.41  26.48  28.47  30.38  32.20  33.93  35.58  37.14  38.62  40.02  41.35  42.60  43.79  44.90  45.95  46.93  47.86  48.73  49.54  50.30  51.01  51.68  52.29  52.87  53.40  53.89  54.34  54.75  55.13  55.47  55.78  56.05  56.29  56.50  56.68  56.83  56.95  57.03  57.09  57.12  57.12  57.09  57.03  56.95  56.83  56.68  56.50  56.29  56.05  55.78  55.47  55.13  54.75  54.34  53.89  53.40  52.87  52.29  51.68  51.01  50.30  49.54  48.73  47.86  46.93  45.95  44.90  43.79  42.60  41.35  40.02  38.62  37.14  35.58  33.93  32.20  30.38  28.47  26.48  24.41  22.25  20.01  17.69  15.31  12.86  10.36   7.81   5.23   2.62   0.00 
  0.00   2.77   5.52   8.25  10.94  13.57  16.14  18.64  21.07  23.40  25.65  27.81  29.87  31.84  33.71  35.49  37.17  38.77  40.28  41.71  43.05  44.32  45.52  46.64  47.69  48.68  49.61  50.48  51.29  52.05  52.76  53.42  54.04  54.61  55.13  55.62  56.07  56.48  56.85  57.19  57.49  57.76  58.00  58.20  58.38  58.53  58.64  58.73  58.79  58.81  58.81  58.79  58.73  58.64  58.53  58.38  58.20  58.00  57.76  57.49  57.19  56.85  56.48  56.07  55.62  55.13  54.61  54.04  53.42  52.76  52.05  51.29  50.48  49.61  48.68  47.69  46.64  45.52  44.32  43.05  41.71  40.28  38.77  37.17  35.49  33.71  31.84  29.87  27.81  25.65  23.40  21.07  18.64  16.14  13.57  10.94   8.25   5.52   2.77   0.00 
  0.00   2.93   5.85   8.73  11.57  14.34  17.05  19.67  22.21  24.65  26.99  29.23  31.36  33.39  35.32  37.14  38.87  40.49  42.03  43.48  44.84  46.12  47.32  48.45  49.51  50.50  51.43  52.29  53.10  53.86  54.56  55.22  55.83  56.39  56.91  57.39  57.83  58.24  58.61  58.94  59.24  59.50  59.74  59.94  60.11  60.26  60.37  60.46  60.51  60.54  60.54  60.51  60.46  60.37  60.26  60.11  59.94  59.74  59.50  59.24  58.94  58.61  58.24  57.83  57.39  56.91  56.39  55.83  55.22  54.56  53.86  53.10  52.29  51.43  50.50  49.51  48.45  47.32  46.12  44.84  43.48  42.03  40.49  38.87  37.14  35.32  33.39  31.36  29.23  26.99  24.65  22.21  19.67  17.05  14.34  11.57   8.73   5.85   2.93   0.00 
  0.00   3.11   6.20   9.26  12.26  15.19  18.04  20.80  23.45  26.00  28.43  30.75  32.96  35.05  37.03  38.89  40.65  42.31  43.87  45.33  46.70  47.99  49.20  50.33  51.39  52.38  53.30  54.16  54.97  55.72  56.42  57.06  57.67  58.22  58.73  59.21  59.64  60.04  60.40  60.73  61.02  61.28  61.51  61.71  61.88  62.02  62.13  62.21  62.27  62.30  62.30  62.27  62.21  62.13  62.02  61.88  61.71  61.51  61.28  61.02  60.73  60.40  60.04  59.64  59.21  58.73  58.22  57.67  57.06  56.42  55.72  54.97  54.16  53.30  52.38  51.39  50.33  49.20  47.99  46.70  45.33  43.87  42.31  40.65  38.89  37.03  35.05  32.96  30.75  28.43  26.00  23.45  20.80  18.04  15.19  12.26   9.26   6.20   3.11   0.00 
  0.00   3.31   6.59   9.84  13.02  16.12  19.12  22.02  24.80  27.46  29.99  32.40  34.67  36.82  38.85  40.75  42.54  44.22  45.80  47.28  48.66  49.95  51.16  52.29  53.34  54.32  55.24  56.09  56.89  57.63  58.32  58.96  59.55  60.09  60.60  61.06  61.49  61.88  62.23  62.55  62.84  63.09  63.32  63.51  63.68  63.81  63.92  64.00  64.06  64.08  64.08  64.06  64.00  63.92  63.81  63.68  63.51  63.32  63.09  62.84  62.55  62.23  61.88  61.49  61.06  60.60  60.09  59.55  58.96  58.32  57.63  56.89  56.09  55.24  54.32  53.34  52.29  51.16  49.95  48.66  47.28  45.80  44.22  42.54  40.75  38.85  36.82  34.67  32.40  29.99  27.46  24.80  22.02  19.12  16.12  13.02   9.84   6.59   3.31   0.00 
  0.00   3.53   7.03  10.48  13.86  17.14  20.31  23.36  26.27  29.05  31.68  34.17  36.51  38.72  40.79  42.73  44.55  46.25  47.83  49.32  50.70  51.99  53.20  54.32  55.36  56.34  57.24  58.09  58.87  59.60  60.27  60.90  61.48  62.01  62.51  62.96  63.37  63.75  64.10  64.41  64.69  64.94  65.15  65.34  65.50  65.64  65.74  65.82  65.87  65.90  65.90  65.87  65.82  65.74  65.64  65.50  65.34  65.15  64.94  64.69  64.41  64.10  63.75  63.37  62.96  62.51  62.01  61.48  60.90  60.27  59.60  58.87  58.09  57.24  56.34  55.36  54.32  53.20  51.99  50.70  49.32  47.83  46.25  44.55  42.73  40.79  38.72  36.51  34.17  31.68  29.05  26.27  23.36  20.31  17.14  13.86  10.48   7.03   3.53   0.00 
  0.00   3.77   7.52  11.20  14.79  18.27  21.63  24.83  27.89  30.78  33.51  36.08  38.49  40.75  42.86  44.83  46.67  48.38  49.97  51.46  52.84  54.12  55.32  56.43  57.46  58.42  59.31  60.14  60.91  61.62  62.28  62.89  63.45  63.98  64.46  64.90  65.30  65.67  66.00  66.30  66.57  66.81  67.02  67.21  67.36  67.49  67.59  67.67  67.72  67.74  67.74  67.72  67.67  67.59  67.49  67.36  67.21  67.02  66.81  66.57  66.30  66.00  65.67  65.30  64.90  64.46  63.98  63.45  62.89  62.28  61.62  60.91  60.14  59.31  58.42  57.46  56.43  55.32  54.12  52.84  51.46  49.97  48.38  46.67  44.83  42.86  40.75  38.49  36.08  33.51  30.78  27.89  24.83  21.63  18.27  14.79  11.20   7.52   3.77   0.00 
  0.00   4.05   8.06  12.00  15.84  19.54  23.08  26.46  29.66  32.67  35.50  38.15  40.63  42.93  45.07  47.07  48.92  50.63  52.23  53.70  55.07  56.34  57.52  58.62  59.63  60.57  61.44  62.25  63.00  63.69  64.34  64.93  65.48  65.98  66.44  66.87  67.26  67.61  67.94  68.23  68.49  68.72  68.92  69.10  69.25  69.37  69.47  69.54  69.59  69.62  69.62  69.59  69.54  69.47  69.37  69.25  69.10  68.92  68.72  68.49  68.23  67.94  67.61  67.26  66.87  66.44  65.98  65.48  64.93  64.34  63.69  63.00  62.25  61.44  60.57  59.63  58.62  57.52  56.34  55.07  53.70  52.23  50.63  48.92  47.07  45.07  42.93  40.63  38.15  35.50  32.67  29.66  26.46  23.08  19.54  15.84  12.00   8.06   4.05   0.00 
  0.00   4.37   8.69  12.92  17.02  20.96  24.71  28.27  31.62  34.75  37.68  40.40  42.93  45.27  47.44  49.45  51.30  53.01  54.59  56.06  57.41  58.66  59.82  60.89  61.88  62.79  63.64  64.43  65.15  65.82  66.44  67.01  67.54  68.03  68.47  68.88  69.26  69.60  69.91  70.18  70.43  70.66  70.85  71.02  71.16  71.28  71.37  71.44  71.49  71.51  71.51  71.49  71.44  71.37  71.28  71.16  71.02  70.85  70.66  70.43  70.18  69.91  69.60  69.26  68.88  68.47  68.03  67.54  67.01  66.44  65.82  65.15  64.43  63.64  62.79  61.88  60.89  59.82  58.66  57.41  56.06  54.59  53.01  51.30  49.45  47.44  45.27  42.93  40.40  37.68  34.75  31.62  28.27  24.71  20.96  17.02  12.92   8.69   4.37   0.00 
  0.00   4.73   9.40  13.96  18.36  22.56  26.54  30.29  33.79  37.04  40.06  42.85  45.42  47.79  49.97  51.98  53.82  55.52  57.08  58.52  59.85  61.07  62.20  63.24  64.20  65.09  65.90  66.66  67.36  68.00  68.60  69.15  69.65  70.12  70.54  70.93  71.29  71.61  71.91  72.17  72.41  72.62  72.81  72.97  73.10  73.21  73.30  73.37  73.41  73.44  73.44  73.41  73.37  73.30  73.21  73.10  72.97  72.81  72.62  72.41  72.17  71.91  71.61  71.29  70.93  70.54  70.12  69.65  69.15  68.60  68.00  67.36  66.66  65.90  65.09  64.20  63.24  62.20  61.07  59.85  58.52  57.08  55.52  53.82  51.98  49.97  47.79  45.42  42.85  40.06  37.04  33.79  30.29  26.54  22.56  18.36  13.96   9.40   4.73   0.00 
  0.00   5.15  10.22  15.16  19.89  24.38  28.61  32.55  36.20  39.57  42.67  45.51  48.11  50.50  52.68  54.67  56.49  58.17  59.70  61.10  62.39  63.58  64.67  65.67  66.59  67.45  68.23  68.95  69.62  70.23  70.80  71.32  71.80  72.24  72.65  73.02  73.36  73.66  73.94  74.19  74.41  74.61  74.79  74.94  75.07  75.17  75.26  75.32  75.36  75.38  75.38  75.36  75.32  75.26  75.17  75.07  74.94  74.79  74.61  74.41  74.19  73.94  73.66  73.36  73.02  72.65  72.24  71.80  71.32  70.80  70.23  69.62  68.95  68.23  67.45  66.59  65.67  64.67  63.58  62.39  61.10  59.70  58.17  56.49  54.67  52.68  50.50  48.11  45.51  42.67  39.57  36.20  32.55  28.61  24.38  19.89  15.16  10.22   5.15   0.00 
  0.00   5.64  11.19  16.56  21.67  26.48  30.96  35.10  38.90  42.37  45.53  48.41  51.03  53.41  55.57  57.53  59.32  60.95  62.44  63.80  65.04  66.18  67.22  68.18  69.06  69.87  70.62  71.30  71.94  72.52  73.05  73.54  73.99  74.41  74.79  75.14  75.45  75.74  76.00  76.24  76.45  76.63  76.80  76.94  77.06  77.16  77.23  77.29  77.33  77.35  77.35  77.33  77.29  77.23  77.16  77.06  76.94  76.80  76.63  76.45  76.24  76.00  75.74  75.45  75.14  74.79  74.41  73.99  73.54  73.05  72.52  71.94  71.30  70.62  69.87  69.06  68.18  67.22  66.18  65.04  63.80  62.44  60.95  59.32  57.53  55.57  53.41  51.03  48.41  45.53  42.37  38.90  35.10  30.96  26.48  21.67  16.56  11.19   5.64   0.00 
  0.00   6.24  12.34  18.21  23.75  28.90  33.65  37.99  41.92  45.48  48.69  51.58  54.18  56.53  58.65  60.57  62.31  63.88  65.31  66.61  67.80  68.88  69.87  70.78  71.61  72.37  73.07  73.71  74.30  74.85  75.35  75.80  76.22  76.61  76.96  77.29  77.58  77.85  78.09  78.31  78.50  78.68  78.83  78.96  79.07  79.16  79.23  79.29  79.32  79.34  79.34  79.32  79.29  79.23  79.16  79.07  78.96  78.83  78.68  78.50  78.31  78.09  77.85  77.58  77.29  76.96  76.61  76.22  75.80  75.35  74.85  74.30  73.71  73.07  72.37  71.61  70.78  69.87  68.88  67.80  66.61  65.31  63.88  62.31  60.57  58.65  56.53  54.18  51.58  48.69  45.48  41.92  37.99  33.65  28.90  23.75  18.21  12.34   6.24   0.00 
  0.00   6.95  13.73  20.19  26.21  31.74  36.76  41.28  45.32  48.94  52.16  55.03  57.60  59.89  61.95  63.79  65.45  66.95  68.31  69.54  70.65  71.67  72.60  73.44  74.22  74.93  75.57  76.17  76.72  77.22  77.68  78.10  78.49  78.85  79.17  79.47  79.74  79.98  80.21  80.40  80.58  80.74  80.88  81.00  81.10  81.18  81.25  81.30  81.33  81.35  81.35  81.33  81.30  81.25  81.18  81.10  81.00  80.88  80.74  80.58  80.40  80.21  79.98  79.74  79.47  79.17  78.85  78.49  78.10  77.68  77.22  76.72  76.17  75.57  74.93  74.22  73.44  72.60  71.67  70.65  69.54  68.31  66.95  65.45  63.79  61.95  59.89  57.60  55.03  52.16  48.94  45.32  41.28  36.76  31.74  26.21  20.19  13.73   6.95   0.00 
  0.00   7.85  15.45  22.60  29.16  35.08  40.36  45.04  49.16  52.78  55.98  58.79  61.28  63.49  65.45  67.20  68.76  70.17  71.43  72.58  73.61  74.55  75.41  76.18  76.89  77.54  78.14  78.68  79.18  79.64  80.05  80.44  80.79  81.11  81.41  81.68  81.92  82.14  82.34  82.52  82.68  82.83  82.95  83.06  83.15  83.23  83.29  83.33  83.36  83.38  83.38  83.36  83.33  83.29  83.23  83.15  83.06  82.95  82.83  82.68  82.52  82.34  82.14  81.92  81.68  81.41  81.11  80.79  80.44  80.05  79.64  79.18  78.68  78.14  77.54  76.89  76.18  75.41  74.55  73.61  72.58  71.43  70.17  68.76  67.20  65.45  63.49  61.28  58.79  55.98  52.78  49.16  45.04  40.36  35.08  29.16  22.60  15.45   7.85   0.00 
  0.00   9.00  17.62  25.59  32.75  39.07  44.58  49.36  53.49  57.07  60.17  62.88  65.25  67.33  69.16  70.79  72.23  73.53  74.69  75.73  76.67  77.52  78.29  78.99  79.63  80.22  80.75  81.24  81.68  82.09  82.46  82.81  83.12  83.41  83.67  83.91  84.13  84.32  84.50  84.66  84.80  84.93  85.04  85.14  85.22  85.29  85.34  85.38  85.41  85.42  85.42  85.41  85.38  85.34  85.29  85.22  85.14  85.04  84.93  84.80  84.66  84.50  84.32  84.13  83.91  83.67  83.41  83.12  82.81  82.46  82.09  81.68  81.24  80.75  80.22  79.63  78.99  78.29  77.52  76.67  75.73  74.69  73.53  72.23  70.79  69.16  67.33  65.25  62.88  60.17  57.07  53.49  49.36  44.58  39.07  32.75  25.59  17.62   9.00   0.00 
  0.00  10.52  20.45  29.39  37.19  43.86  49.53  54.32  58.37  61.82  64.77  67.31  69.50  71.41  73.08  74.56  75.86  77.02  78.05  78.98  79.81  80.57  81.25  81.87  82.43  82.94  83.41  83.83  84.22  84.58  84.91  85.21  85.48  85.73  85.96  86.16  86.35  86.52  86.68  86.82  86.94  87.05  87.15  87.23  87.30  87.36  87.41  87.44  87.46  87.47  87.47  87.46  87.44  87.41  87.36  87.30  87.23  87.15  87.05  86.94  86.82  86.68  86.52  86.35  86.16  85.96  85.73  85.48  85.21  84.91  84.58  84.22  83.83  83.41  82.94  82.43  81.87  81.25  80.57  79.81  78.98  78.05  77.02  75.86  74.56  73.08  71.41  69.50  67.31  64.77  61.82  58.37  54.32  49.53  43.86  37.19  29.39  20.45  10.52   0.00 
  0.00  12.65  24.27  34.33  42.74  49.67  55.35  60.01  63.86  67.08  69.78  72.08  74.04  75.73  77.21  78.49  79.63  80.63  81.53  82.33  83.04  83.69  84.27  84.80  85.28  85.71  86.11  86.47  86.80  87.10  87.38  87.63  87.86  88.07  88.26  88.44  88.60  88.74  88.87  88.99  89.10  89.19  89.27  89.34  89.40  89.45  89.49  89.51  89.53  89.54  89.54  89.53  89.51  89.49  89.45  89.40  89.34  89.27  89.19  89.10  88.99  88.87  88.74  88.60  88.44  88.26  88.07  87.86  87.63  87.38  87.10  86.80  86.47  86.11  85.71  85.28  84.80  84.27  83.69  83.04  82.33  81.53  80.63  79.63  78.49  77.21  75.73  74.04  72.08  69.78  67.08  63.86  60.01  55.35  49.67  42.74  34.33  24.27  12.65   0.00 
  0.00  15.80  29.64  40.91  49.79  56.73  62.18  66.51  70.00  72.84  75.20  77.17  78.85  80.28  81.51  82.59  83.53  84.36  85.10  85.75  86.34  86.87  87.35  87.78  88.17  88.52  88.84  89.14  89.40  89.65  89.87  90.08  90.26  90.43  90.59  90.73  90.86  90.98  91.08  91.18  91.26  91.34  91.40  91.46  91.51  91.54  91.58  91.60  91.61  91.62  91.62  91.61  91.60  91.58  91.54  91.51  91.46  91.40  91.34  91.26  91.18  91.08  90.98  90.86  90.73  90.59  90.43  90.26  90.08  89.87  89.65  89.40  89.14  88.84  88.52  88.17  87.78  87.35  86.87  86.34  85.75  85.10  84.36  83.53  82.59  81.51  80.28  78.85  77.17  75.20  72.84  70.00  66.51  62.18  56.73  49.79  40.91  29.64  15.80   0.00 
  0.00  20.90  37.59  49.88  58.77  65.28  70.14  73.86  76.77  79.10  81.00  82.58  83.90  85.02  85.98  86.82  87.54  88.18  88.75  89.25  89.70  90.10  90.47  90.79  91.09  91.36  91.61  91.83  92.03  92.22  92.39  92.54  92.68  92.81  92.93  93.04  93.13  93.22  93.30  93.37  93.44  93.49  93.54  93.58  93.62  93.65  93.67  93.69  93.70  93.71  93.71  93.70  93.69  93.67  93.65  93.62  93.58  93.54  93.49  93.44  93.37  93.30  93.22  93.13  93.04  92.93  92.81  92.68  92.54  92.39  92.22  92.03  91.83  91.61  91.36  91.09  90.79  90.47  90.10  89.70  89.25  88.75  88.18  87.54  86.82  85.98  85.02  83.90  82.58  81.00  79.10  76.77  73.86  70.14  65.28  58.77  49.88  37.59  20.90   0.00 
  0.00  30.21  49.95  62.25  70.15  75.47  79.23  82.01  84.13  85.79  87.13  88.23  89.14  89.92  90.58  91.15  91.64  92.08  92.46  92.80  93.11  93.38  93.62  93.85  94.05  94.23  94.39  94.54  94.68  94.80  94.92  95.02  95.11  95.20  95.28  95.35  95.42  95.48  95.53  95.58  95.62  95.66  95.69  95.72  95.74  95.76  95.78  95.79  95.80  95.80  95.80  95.80  95.79  95.78  95.76  95.74  95.72  95.69  95.66  95.62  95.58  95.53  95.48  95.42  95.35  95.28  95.20  95.11  95.02  94.92  94.80  94.68  94.54  94.39  94.23  94.05  93.85  93.62  93.38  93.11  92.80  92.46  92.08  91.64  91.15  90.58  89.92  89.14  88.23  87.13  85.79  84.13  82.01  79.23  75.47  70.15  62.25  49.95  30.21   0.00 
  0.00  49.99  69.74  79.02  84.10  87.22  89.32  90.82  91.94  92.81  93.50  94.07  94.54  94.93  95.27  95.56  95.81  96.03  96.22  96.39  96.55  96.68  96.81  96.92  97.02  97.11  97.19  97.27  97.34  97.40  97.46  97.51  97.56  97.60  97.64  97.67  97.71  97.74  97.76  97.79  97.81  97.83  97.84  97.86  97.87  97.88  97.89  97.89  97.90  97.90  97.90  97.90  97.89  97.89  97.88  97.87  97.86  97.84  97.83  97.81  97.79  97.76  97.74  97.71  97.67  97.64  97.60  97.56  97.51  97.46  97.40  97.34  97.27  97.19  97.11  97.02  96.92  96.81  96.68  96.55  96.39  96.22  96.03  95.81  95.56  95.27  94.93  94.54  94.07  93.50  92.81  91.94  90.82  89.32  87.22  84.10  79.02  69.74  49.99   0.00 
100.00 100.00 100.00 100.00 100.00 100.00 100.00 100.00 100.00 100.00 100.00 100.00 100.00 100.00 100.00 100.00 100.00 100.00 100.00 100.00 100.00 100.00 100.00 100.00 100.00 100.00 100.00 100.00 100.00 100.00 100.00 100.00 100.00 100.00 100.00 100.00 100.00 100.00 100.00 100.00 100.00 100.00 100.00 100.00 100.00 100.00 100.00 100.00 100.00 100.00 100.00 100.00 100.00 100.00 100.00 100.00 100.00 100.00 100.00 100.00 100.00 100.00 100.00 100.00 100.00 100.00 100.00 100.00 100.00 100.00 100.00 100.00 100.00 100.00 100.00 100.00 100.00 100.00 100.00 100.00 100.00 100.00 100.00 100.00 100.00 100.00 100.00 100.00 100.00 100.00 100.00 100.00 100.00 100.00 100.00 100.00 100.00 100.00 100.00 100.00 
